1487.474773
1234.893075
1350.651966
1263.611433
1196.171239
1615.980085
1327.330376
1400.683358
955.288787
1053.883064
1326.995998
1240.612328
1195.397420
1197.793774
1068.263354
1378.568908
1215.630089
1472.844452
1436.352939
1330.754735
1264.015681
1164.775414
1452.559347
1294.537467
1542.898394
1318.578085
1157.699157
1197.822865
1191.643645
1105.250100
1315.257647
1471.869657
1477.702593
1117.748899
1467.072198
1241.438982
1224.395767
1080.554533
1095.757745
1426.266150
885.046463
1216.286119
1148.416528
1368.096568
1144.857274
1568.864150
1159.486524
1080.020345
1321.499959
1209.483861
1128.369557
1149.185373
1241.211433
1272.751122
1196.369934
1068.402341
1114.747735
1145.189593
1404.387837
1270.160067
1081.530715
1386.929870
1228.359459
1248.250894
1268.447030
1335.699922
1298.182135
1388.354120
1289.757288
1543.267834
1279.170834
1192.594410
1257.495683
1531.129093
1075.078099
1248.775467
1240.374089
1546.839567
1316.346558
1195.062464
1140.390024
1273.832133
1261.206751
1178.836610
1238.436304
1190.481706
1519.449200
1276.995650
1076.346041
1223.833952
1069.124747
1343.577489
1155.433502
1136.020196
1223.126141
1419.911143
1501.003916
1324.577732
1059.469494
1230.640887
