1224.066645
1271.017781
1178.514331
1330.732204
1392.881723
1237.508674
1223.891005
1263.496059
1318.822583
1160.818853
1321.120070
1171.222966
1223.455699
1221.300309
1189.354346
1198.796624
1282.287591
1082.970230
1474.467291
1334.911469
1233.160628
1267.897154
1316.063946
1345.862680
1172.077282
1298.981034
1323.454999
1252.872450
1170.483609
1192.073916
1141.401147
1152.169631
1248.976611
1275.480917
1317.983141
1123.313474
1224.436864
1236.444118
1247.841768
1261.382953
1199.140662
1369.505803
1287.244448
1259.083234
1228.742883
1290.915052
1183.041453
1075.502901
1281.820377
1219.792831
1240.578646
1218.220218
1239.758845
1204.023890
1315.879043
1363.634930
1169.426858
1250.382067
1219.535678
1309.968558
1458.855870
1456.690103
1217.797268
1208.397797
1192.193016
1231.025159
1206.062339
1243.302335
1139.302339
1399.797998
1150.873824
1166.809902
1226.166086
1270.867001
1352.916780
1351.906139
1378.480873
1400.756846
1317.346739
1216.049016
1353.027372
1363.063793
1243.730227
1345.085740
1280.732326
1275.428859
1223.954931
1269.631937
1248.719788
1296.960693
1261.886797
1195.952851
1204.913669
1228.653064
1239.515298
1245.695237
1335.017436
1310.982790
1285.689757
1315.990605
